 54 194 604 651 
 334 569 634 663 
 121 420 577 684 
 911 922 948 987 
 50 737 797 
 433 471 517 560 824 
 48 369 697 709 
 249 462 484 719 
 102 237 298 478 488 
 29 253 414 522 
 106 448 516 545 
 636 760 814 850 
 17 203 568 606 
 142 197 207 329 
 407 600 635 
 41 199 431 453 
 316 403 458 643 
 582 769 922 987 
 456 714 718 830 
 27 93 270 467 
 461 768 821 828 
 463 489 665 724 
 113 341 408 714 
 32 94 262 645 
 416 444 712 904 
 201 689 735 751 
 174 620 746 
 16 96 101 318 
 358 370 451 792 
 288 382 408 518 
 51 365 740 771 
 283 426 737 928 
 134 370 450 767 
 32 45 147 151 169 173 177 262 278 292 333 337 357 645 873 
 18 202 474 552 670 
 65 153 187 695 
 47 189 386 390 517 
 389 460 564 786 
 13 175 391 499 
 585 788 789 797 810 
 466 688 691 711 
 135 170 265 
 4 14 429 713 
 211 371 550 722 
 74 128 383 434 
 344 682 714 830 
 35 420 577 684 857 
 141 375 697 
 46 76 428 626 
 75 644 649 853 
 506 692 769 808 847 
 70 80 150 452 
 32 94 100 155 
 297 367 447 528 
 472 504 527 687 
 761 865 869 919 
 213 537 576 695 853 
 354 419 585 561 
 742 770 787 804 
 62 79 182 232 278 359 522 582 651 689 766 923 
 45 64 100 108 168 263 759 
 54 409 437 480 553 
 91 97 122 680 
 93 309 862 
 28 241 381 404 469 
 538 547 557 605 
 11 70 92 221 255 256 260 307 353 378 455 679 835 
 197 219 371 392 546 640 
 1 7 56 126 184 232 303 427 435 454 482 525 689 701 930 
 728 736 824 884 
 85 206 348 399 430 
 323 462 497 719 
 92 210 533 536 
 75 530 537 644 649 
 312 725 752 872 898 
 12 558 641 743 780 839 883 
 238 587 640 889 929 
 118 305 346 535 
 149 223 242 261 323 334 364 428 503 565 632 646 716 823 
 2 24 263 757 
 259 312 420 493 797 
 90 113 124 172 250 339 341 368 677 
 580 832 857 887 
 30 47 53 134 148 253 434 445 693 751 794 
 84 286 288 299 331 338 385 474 529 755 
 79 158 227 383 407 479 501 538 587 595 611 689 735 751 923 941 
 487 493 593 619 706 
 77 131 325 494 724 
 24 110 153 239 408 418 669 
 99 159 178 357 612 
 244 514 654 661 712 713 
 6 379 423 674 
 41 95 180 203 226 398 416 466 506 551 561 583 738 763 809 822 946 
 31 55 58 59 342 404 436 533 605 615 668 674 777 806 848 945 
 570 615 665 724 
 33 163 659 700 782 
 6 376 653 767 
 635 705 769 911 987 
 10 544 879 889 929 995 
 163 509 531 650 782 819 
 112 168 309 683 
 4 52 244 250 257 427 429 790 
 96 205 246 583 
 24 181 290 291 498 772 
 79 138 160 178 281 323 508 534 564 594 638 653 672 675 829 906 
 15 90 171 203 422 547 649 
 434 586 613 693 
 137 156 185 222 296 371 444 446 467 475 561 568 641 673 837 943 
 80 150 596 666 805 
 117 148 175 226 391 516 639 818 
 143 356 504 770 
 69 101 247 390 417 441 491 532 555 560 621 656 712 824 904 925 
 278 542 611 766 
 128 188 200 396 
 153 228 307 408 
 245 260 353 679 
 50 94 227 399 419 426 435 465 611 618 623 639 732 737 797 928 964 
 75 196 644 658 
 44 107 171 210 890 
 82 87 145 718 
 9 124 132 316 459 501 535 538 742 
 53 347 560 571 810 
 61 625 847 894 
 46 52 64 313 430 498 543 626 691 978 
 139 259 320 595 820 
 164 190 264 608 
 395 590 773 
 123 154 627 633 706 
 34 585 644 853 
 150 214 216 246 377 492 583 614 624 758 
 114 137 351 444 690 
 725 813 866 872 898 
 37 246 317 497 547 557 580 584 654 671 697 707 734 807 975 
 40 149 266 290 333 507 517 559 646 
 19 84 161 185 366 397 405 507 513 697 711 773 809 822 939 979 
 388 727 843 856 931 937 978 
 60 124 228 279 421 522 652 686 
 71 72 149 169 443 645 
 165 261 277 291 346 390 438 486 535 565 804 
 81 328 352 363 438 600 622 667 
 51 259 312 626 740 
 1 126 146 151 280 282 536 604 733 761 763 782 849 865 919 
 112 361 373 683 779 817 
 66 77 149 204 418 428 469 634 662 663 687 757 905 
 86 251 273 418 
 26 29 119 380 558 617 693 737 817 
 495 580 832 765 
 421 660 685 754 
 320 808 506 820 
 160 175 271 284 434 467 839 
 155 223 618 646 716 
 200 321 381 402 513 583 603 683 701 937 
 28 281 317 451 
 111 173 407 423 424 544 546 587 772 849 
 101 252 287 410 495 515 525 533 734 763 765 768 838 
 538 547 586 608 
 25 55 105 204 281 435 462 497 538 541 579 586 608 684 742 744 998 
 113 130 243 368 434 467 590 783 
 48 140 369 392 497 554 601 709 715 
 14 439 455 756 869 
 25 74 83 180 367 374 383 434 628 693 775 816 
 237 461 567 821 828 994 
 283 314 319 621 685 
 241 289 445 449 512 606 610 659 782 819 
 5 217 224 346 361 373 471 665 779 
 32 47 155 212 306 354 440 452 561 639 788 865 965 
 3 338 661 790 
 90 121 207 301 344 364 368 443 481 493 573 727 833 858 
 81 143 158 166 277 375 406 438 501 535 595 729 787 
 37 345 439 444 455 505 621 671 702 798 869 896 902 
 97 119 359 506 625 631 769 808 826 
 91 107 112 181 235 374 422 556 
 5 36 599 695 
 210 342 570 668 
 16 188 490 673 731 
 1 34 61 146 151 235 282 421 738 754 756 842 865 902 909 
 252 301 345 491 558 824 
 57 198 444 557 586 671 
 69 107 112 133 191 224 316 373 501 648 683 
 139 259 263 272 328 349 360 505 687 707 878 888 
 143 384 477 692 
 75 279 324 421 458 
 234 236 301 321 363 366 386 433 486 491 555 674 712 819 925 932 
 99 152 154 304 418 435 439 482 510 652 717 741 798 844 905 980 
 280 733 282 865 761 
 167 244 377 540 
 21 72 615 
 52 266 324 387 397 466 483 490 572 637 691 711 763 809 910 939 
 86 608 605 707 
 93 130 172 232 288 383 454 609 771 830 
 277 280 382 386 438 518 535 622 655 667 747 782 874 
 345 389 460 623 832 
 195 256 399 476 543 545 630 647 664 696 861 911 
 111 208 415 424 772 
 39 62 67 457 464 578 657 
 84 164 197 236 278 369 386 390 419 517 560 633 791 800 824 916 972 
 35 41 48 219 259 354 476 669 733 767 866 
 45 62 110 351 367 414 447 451 528 578 608 658 760 796 953 
 51 720 771 970 
 50 145 165 237 425 426 578 758 788 789 797 810 875 915 
 529 599 656 917 
 195 252 463 793 
 9 470 489 828 
 293 461 496 609 478 
 163 193 227 258 468 509 531 596 689 700 710 782 919 996 
 130 185 337 364 382 408 457 474 518 581 726 795 
 17 277 299 313 385 409 474 552 606 647 668 670 679 763 785 787 920 
 142 197 207 208 392 404 454 476 612 769 847 889 
 254 397 441 712 
 158 326 438 622 
 21 262 269 287 379 522 527 651 685 686 749 852 
 360 492 505 593 802 
 2 124 167 446 
 343 488 500 535 645 836 
 24 26 209 213 244 395 429 596 602 773 778 
 109 138 296 593 
 2 251 266 387 401 526 590 594 676 757 759 811 
 70 80 111 267 349 362 489 525 541 666 707 805 825 868 870 892 938 
 53 120 338 393 577 
 90 189 203 301 
 255 267 315 369 554 601 629 642 709 745 770 895 
 212 465 639 797 
 2 131 352 448 607 643 
 165 291 406 459 675 747 836 882 
 67 87 132 314 389 429 515 544 664 786 793 857 863 949 963 
 3 14 244 377 455 535 654 679 712 713 746 785 
 340 461 515 526 625 738 763 768 809 
 9 239 284 293 442 452 461 478 496 499 672 716 762 796 855 
 80 510 547 655 808 
 46 49 86 262 538 605 608 707 766 807 
 36 104 405 694 
 66 174 230 332 402 460 564 623 638 664 666 670 788 838 878 949 
 182 464 752 891 
 89 223 234 475 
 56 104 181 422 461 743 834 912 
 11 153 266 307 627 
 29 75 287 414 421 432 458 467 522 661 753 
 53 191 225 292 306 330 335 412 445 499 549 551 700 931 965 966 
 245 318 353 378 396 514 537 623 668 679 706 864 893 900 908 944 
 38 173 197 208 392 415 501 546 554 717 772 829 870 995 
 50 84 135 354 425 465 557 561 682 697 797 915 953 990 
 1 117 130 151 491 496 621 657 699 
 19 180 262 565 
 21 68 259 369 505 531 593 658 800 
 410 476 576 669 
 74 243 342 384 500 637 883 
 19 36 104 138 160 217 236 508 534 694 735 831 895 901 
 40 48 572 931 
 115 118 240 257 305 322 391 570 702 
 480 527 604 651 689 
 69 139 310 320 417 493 524 579 673 820 878 
 82 109 177 233 308 482 506 714 755 830 833 
 28 74 188 235 404 469 507 592 601 699 701 820 845 
 157 279 283 311 
 13 169 177 271 290 391 393 491 526 558 780 828 883 884 886 933 935 
 126 275 509 531 
 4 19 45 200 297 351 359 447 465 520 640 731 796 804 826 986 
 267 930 947 957 
 690 784 868 947 
 129 136 216 369 415 427 534 598 601 629 723 749 827 885 
 240 311 527 612 687 829 
 89 93 275 315 540 692 765 
 3 179 224 272 607 662 723 727 800 802 
 52 102 108 306 388 400 404 527 626 687 722 799 838 856 924 950 
 107 344 374 381 422 478 620 658 760 818 834 
 32 157 223 225 264 
 12 13 141 160 175 290 305 350 391 499 500 570 637 869 883 970 984 
 156 234 351 479 698 735 748 755 803 923 
 681 740 784 947 
 181 190 218 260 264 317 378 396 401 704 706 793 862 900 
 44 182 198 454 476 482 551 553 631 739 813 
 79 216 265 773 
 362 805 867 868 
 146 205 358 475 651 
 124 172 456 462 501 518 
 228 279 472 504 652 
 82 83 107 272 336 
 77 355 356 462 681 
 52 388 400 452 
 82 232 126 295 
 42 104 115 166 381 405 483 508 560 597 638 827 886 
 545 583 851 624 
 122 125 229 506 631 
 189 195 247 350 443 471 517 519 555 560 589 824 915 916 
 63 123 190 307 476 511 514 606 627 640 704 706 746 757 835 941 977 
 303 482 620 681 
 537 826 853 893 
 7 145 159 226 366 688 
 184 186 358 539 562 642 688 733 784 
 291 328 390 747 
 73 132 660 663 
 127 575 793 832 
 428 634 727 843 931 
 133 402 403 413 449 486 660 
 168 174 401 567 590 625 654 661 708 712 741 746 790 883 904 956 
 39 70 122 143 229 359 456 506 533 631 680 686 692 746 807 951 958 
 43 221 285 318 370 550 
 199 260 609 664 
 129 298 553 574 762 
 54 170 192 214 459 487 553 653 
 51 65 185 312 317 339 499 695 740 771 834 853 860 927 947 970 971 
 166 261 389 459 491 501 553 655 
 10 121 214 420 485 
 3 112 152 222 300 338 530 624 661 713 790 827 
 255 277 328 770 
 147 177 149 333 618 
 186 452 672 691 
 28 206 399 543 580 688 705 721 
 49 167 246 353 356 448 516 540 545 614 770 804 892 
 20 198 285 414 423 472 504 652 
 179 215 218 272 446 486 576 622 723 750 
 43 103 107 129 164 304 377 413 
 37 135 345 461 470 563 
 374 760 814 818 850 
 70 256 351 372 437 447 471 520 729 
 37 94 99 262 318 617 638 671 744 
 23 86 202 359 477 676 703 876 894 
 314 515 786 793 857 887 
 19 180 295 366 397 398 
 26 174 182 245 518 759 773 777 778 811 871 
 11 190 229 245 270 370 378 506 679 704 706 813 844 883 908 
 50 108 178 207 225 402 405 626 843 856 
 224 336 463 489 539 581 665 724 791 
 27 69 102 133 172 224 270 287 467 536 612 683 739 862 944 963 992 
 215 222 282 398 559 569 741 
 73 91 95 210 304 327 483 660 717 775 844 
 90 109 238 295 495 605 668 718 
 103 164 189 390 416 458 496 566 
 9 61 71 125 211 217 384 477 644 703 
 29 287 414 423 504 
 97 314 353 576 597 731 
 54 134 225 289 313 380 409 480 511 604 635 651 751 940 960 997 
 41 274 393 426 632 639 671 885 928 
 98 130 198 411 669 739 803 821 898 
 20 96 135 205 356 499 540 583 624 681 700 719 831 851 876 907 
 83 108 171 179 193 220 400 437 477 572 710 
 67 181 211 235 385 404 732 
 74 191 212 273 285 376 515 575 693 775 
 8 13 98 350 500 
 23 373 479 680 836 850 
 27 206 290 294 350 352 528 922 953 
 299 331 313 670 
 33 76 79 109 233 466 747 865 
 55 58 92 210 336 534 536 570 592 665 752 762 803 821 822 913 
 150 355 454 540 614 666 
 5 56 189 319 361 373 411 467 502 550 659 714 779 783 956 969 976 
 83 576 649 658 720 
 107 184 232 295 341 408 457 
 141 255 297 312 500 554 594 642 
 12 40 71 98 195 449 453 558 716 780 839 900 927 
 66 72 157 169 183 220 443 548 
 121 178 186 251 264 292 350 403 420 577 643 684 814 857 907 981 
 158 326 343 459 
 17 84 277 315 316 328 385 474 536 568 591 888 904 973 
 35 280 352 397 456 458 485 571 643 754 780 871 892 933 942 
 180 226 266 304 366 372 513 532 776 816 822 861 
 142 492 544 879 
 16 188 255 286 436 562 588 589 610 692 708 731 782 785 880 888 962 
 68 258 482 492 505 593 624 699 701 802 820 
 843 903 926 937 
 129 229 240 467 502 612 671 803 928 943 952 
 24 156 246 479 542 
 30 53 112 148 176 473 628 
 355 410 454 464 476 625 661 690 752 792 891 898 903 
 38 460 547 843 
 202 514 552 656 670 679 
 22 35 60 72 159 347 498 564 702 726 773 857 899 960 
 29 66 552 815 832 
 168 309 337 395 
 175 248 257 303 490 534 575 701 775 784 790 805 921 947 957 
 44 201 332 432 530 563 639 659 693 728 762 828 846 
 73 115 327 369 569 598 615 634 645 711 745 794 875 905 934 
 78 209 274 311 496 545 563 704 762 846 867 
 31 167 233 274 276 516 
 70 482 303 525 
 25 58 128 170 412 445 549 551 600 794 811 840 
 199 292 411 431 
 110 118 132 327 330 367 417 574 602 
 9 11 239 332 347 432 
 234 241 289 616 
 66 134 247 314 436 440 474 623 654 734 
 134 270 295 370 450 451 511 512 653 767 792 810 912 926 
 170 183 237 298 321 362 450 478 488 609 830 846 867 905 924 
 108 195 297 340 440 600 
 89 271 284 549 637 
 79 227 278 307 451 564 698 751 
 15 20 31 91 167 540 
 151 165 413 433 
 76 137 171 258 342 428 570 592 603 659 727 799 931 
 10 219 238 381 393 482 544 661 832 833 879 889 929 948 955 983 
 119 432 620 713 
 101 192 286 589 
 127 163 230 460 629 664 708 723 793 887 
 247 532 560 824 
 283 502 552 561 586 613 617 677 690 737 781 789 810 928 936 
 6 260 370 374 435 597 651 653 678 682 767 771 776 781 854 
 65 161 221 338 360 444 665 689 703 712 776 798 804 867 904 914 
 88 140 183 239 424 455 621 657 740 796 842 869 902 979 991 
 62 162 256 297 376 432 603 728 
 593 658 706 721 742 774 874 882 
 429 444 557 594 
 20 205 519 614 851 
 445 520 640 729 805 
 82 223 241 426 465 686 694 707 766 789 
 167 188 362 490 562 584 588 589 673 696 
 167 214 377 519 
 106 343 458 590 
 53 115 250 379 399 494 813 822 908 948 
 136 732 760 818 850 890 912 974 
 32 138 203 273 313 419 529 
 52 321 400 402 572 667 700 727 922 931 940 
 356 448 476 486 540 545 576 
 40 164 474 487 
 268 389 402 460 580 793 
 46 213 325 339 437 537 616 644 649 657 695 736 785 853 877 
 356 715 816 853 
 394 598 642 709 
 31 279 579 616 623 644 650 
 2 34 97 132 215 435 486 503 745 
 17 95 168 209 387 
 129 363 301 555 
 22 389 454 534 547 725 
 311 411 425 725 866 669 
 85 243 335 340 412 445 613 
 103 445 673 717 
 174 251 261 325 596 684 
 231 381 404 433 453 507 627 814 
 26 150 152 666 701 
 13 289 376 579 604 
 161 244 401 427 586 594 661 698 776 798 
 219 253 423 472 
 266 513 763 822 809 
 192 222 249 286 318 395 446 475 559 588 700 708 848 931 959 
 69 87 124 303 385 417 481 
 10 19 397 711 
 8 215 484 610 
 198 392 481 497 521 557 584 
 156 276 411 869 
 430 695 814 836 
 293 468 606 617 707 
 163 384 391 449 632 637 641 883 
 374 609 648 709 
 7 184 359 372 
 36 86 114 153 206 269 339 575 599 633 767 793 897 899 970 
 37 132 152 196 215 435 496 559 569 571 745 890 921 
 171 460 592 632 713 828 845 974 
 275 304 429 541 
 56 233 308 347 601 698 733 743 761 764 786 822 842 865 902 968 
 322 507 555 688 691 760 
 21 151 206 265 
 21 324 379 527 685 
 41 371 386 402 410 431 464 468 696 739 
 316 458 485 571 942 
 81 205 238 263 
 2 19 78 217 263 523 590 696 757 
 90 166 212 218 248 320 492 550 636 741 750 800 878 879 881 
 75 188 252 289 376 409 439 682 743 781 792 
 243 443 565 632 716 
 157 177 276 632 
 88 162 532 689 698 735 766 860 871 904 923 945 951 
 8 98 199 227 271 290 334 386 499 500 715 829 909 933 961 967 
 254 330 510 520 
 106 123 516 624 
 12 272 446 449 450 499 520 558 678 780 
 32 62 256 493 510 528 598 729 736 876 986 
 6 134 148 376 480 682 698 781 
 254 276 298 574 
 38 59 173 238 365 384 567 632 640 652 693 725 921 929 
 201 227 542 607 727 759 766 803 860 
 22 171 342 629 737 
 71 122 125 201 243 625 
 431 466 476 488 543 
 88 145 183 455 528 756 758 764 831 842 
 23 271 276 510 518 664 679 736 
 20 31 118 205 214 238 407 511 611 614 624 851 
 485 517 542 695 
 235 413 533 536 570 615 664 668 704 749 806 
 200 310 441 464 554 574 678 
 38 59 147 207 294 329 392 470 489 497 509 756 772 942 955 
 120 286 317 577 617 
 77 127 478 499 836 947 
 16 71 91 291 506 631 645 733 761 808 847 894 947 981 985 
 63 99 483 505 510 559 560 569 571 634 660 663 717 741 921 974 999 
 14 161 218 219 429 444 472 654 797 827 840 872 904 914 954 
 116 469 850 890 912 
 381 422 507 592 760 
 397 524 691 738 809 
 50 457 477 546 604 639 763 788 
 156 162 188 735 
 30 252 470 567 
 123 256 353 396 477 523 627 633 679 704 766 825 893 
 152 179 218 242 272 406 515 619 636 
 195 302 346 398 494 560 630 543 
 74 285 292 445 551 
 42 104 462 534 551 574 597 617 753 829 868 901 906 910 918 
 783 822 833 858 859 
 235 246 283 614 
 16 37 281 453 463 472 538 547 617 730 
 19 372 394 406 473 738 752 763 822 839 898 903 939 
 7 157 271 587 
 31 364 638 644 
 178 257 292 498 539 
 108 155 259 444 498 654 
 40 334 474 523 552 568 656 778 807 867 870 895 917 
 136 140 598 601 629 709 
 60 334 418 486 
 43 315 129 363 
 99 330 357 440 559 662 741 
 16 96 101 137 302 318 470 475 495 520 602 722 731 837 901 961 
 34 213 575 662 740 
 23 80 248 254 256 276 288 441 520 884 736 
 183 233 247 419 424 439 542 695 733 764 
 118 144 201 305 343 347 357 588 786 790 841 
 98 270 391 828 883 
 44 173 311 322 329 751 752 793 797 872 
 460 534 561 629 
 145 146 296 388 462 483 484 597 638 681 719 802 829 831 940 954 993 
 190 230 309 317 
 88 106 162 394 689 698 
 27 42 214 258 466 509 647 650 682 801 819 876 897 996 
 115 152 178 400 418 662 711 764 844 875 
 12 288 569 571 
 123 558 551 574 
 202 389 834 850 857 
 186 218 231 237 251 325 352 607 
 39 249 326 508 
 126 220 333 512 533 540 610 647 
 46 83 85 117 128 169 572 603 
 154 169 497 671 
 239 274 293 308 416 491 496 762 790 821 
 49 105 150 278 281 541 605 626 676 697 730 774 
 43 120 304 320 435 569 634 
 66 495 664 702 765 768 
 59 315 410 532 
 84 203 319 331 438 591 
 131 436 623 765 768 
 6 310 623 668 684 750 923 955 987 
 47 65 153 269 472 575 695 726 740 
 10 111 208 249 363 
 915 928 936 965 990 
 117 218 478 564 573 657 688 761 
 63 190 307 704 706 
 332 441 595 678 738 
 196 383 522 537 
 611 735 746 923 
 2 78 209 436 523 526 590 777 864 893 
 148 168 263 387 523 526 588 601 628 773 786 843 871 893 913 982 
 5 319 380 502 
 138 146 173 296 349 534 599 676 694 829 
 419 561 788 797 789 810 
 180 466 473 524 738 763 
 67 436 515 664 703 734 765 788 806 815 857 
 468 497 541 671 673 744 
 114 153 389 505 530 658 832 968 970 
 310 361 511 745 808 812 835 847 
 193 220 512 700 782 
 27 93 209 366 385 455 467 502 587 670 684 779 817 862 932 969 976 
 22 60 257 322 407 539 584 709 722 864 
 251 400 405 483 555 638 658 719 
 3 87 90 113 190 357 573 682 714 718 795 830 856 894 947 954 988 
 151 183 405 528 557 657 699 733 794 869 876 894 896 
 233 276 311 339 425 426 714 866 891 970 
 52 355 452 652 681 752 781 841 868 
 332 452 472 488 
 185 238 368 371 392 490 640 722 770 807 823 837 
 59 105 120 317 503 521 538 605 
 410 454 464 616 669 752 903 
 430 582 674 922 948 987 
 358 442 559 580 
 78 298 432 762 
 45 111 200 351 367 417 465 
 333 584 612 721 769 
 490 562 588 848 
 33 121 193 258 401 633 647 659 759 801 819 
 219 242 548 565 646 716 632 
 230 258 309 412 519 531 
 148 191 194 253 412 
 30 53 120 141 489 512 570 581 668 724 748 806 
 17 40 45 203 313 442 568 
 8 183 290 314 477 499 622 641 692 777 805 839 927 933 967 
 338 459 474 620 
 3 34 594 595 620 643 735 746 776 
 404 438 469 484 
 202 379 568 591 606 656 659 670 822 917 973 989 
 50 181 194 474 519 651 767 
 46 123 203 306 321 428 558 568 592 710 727 786 859 940 
 137 185 446 192 673 
 81 373 406 501 675 747 
 78 463 581 668 
 25 49 97 125 229 232 524 806 808 812 
 92 165 166 393 655 667 674 675 754 770 816 870 
 27 109 164 364 382 425 573 
 30 191 335 383 628 434 
 22 53 113 122 549 
 410 468 704 744 756 
 284 409 437 589 682 
 87 318 582 665 694 
 20 22 57 60 178 347 365 539 553 556 631 655 799 841 864 952 960 1000 
 82 109 172 295 325 341 408 718 720 724 783 826 852 880 
 240 367 483 484 638 
 397 746 815 871 
 302 348 386 430 494 
 246 330 589 635 
 181 195 302 346 440 
 123 140 245 378 396 633 
 229 549 551 588 693 
 92 218 259 360 385 636 687 
 437 450 451 511 540 
 255 289 375 394 403 642 670 697 717 749 
 442 700 711 740 862 
 217 282 439 756 896 
 680 726 812 847 894 985 
 16 140 197 400 430 598 663 717 
 209 374 387 395 410 622 648 759 777 
 187 226 331 365 505 513 
 39 332 427 509 544 596 656 690 701 709 805 863 868 
 135 274 299 449 470 548 720 763 812 849 951 994 
 250 429 548 597 712 713 847 904 
 121 176 186 251 316 403 503 596 
 310 340 407 430 
 315 326 527 544 
 35 110 337 441 447 574 627 796 528 
 18 68 144 196 285 487 505 723 800 
 77 89 271 303 362 
 99 114 480 599 656 704 771 
 58 192 463 533 536 543 633 665 724 801 848 791 
 282 348 398 439 
 4 7 13 49 
 60 344 353 368 382 
 93 158 490 497 673 708 722 
 62 254 475 494 618 
 179 360 593 595 672 687 802 
 36 138 349 463 484 694 772 829 831 
 368 402 420 458 571 643 684 754 
 73 79 493 579 593 636 
 730 791 796 975 
 68 179 215 316 366 407 436 543 600 630 705 911 