 49 95 96 98 
 2 21 28 50 52 60 75 
 20 64 74 76 
 56 94 96 98 
 1 25 27 39 44 
 5 72 86 91 
 21 60 96 98 95 
 7 16 57 58 
 9 40 95 98 
 62 78 80 84 85 
 4 59 66 73 
 21 28 46 50 52 60 
 35 47 55 72 83 
 13 29 32 76 87 
 77 90 91 93 
 8 19 22 34 41 
 58 74 83 77 
 38 48 70 75 89 88 
 48 76 78 80 90 
 64 84 85 78 92 
 10 33 13 70 76 
 11 16 23 42 47 55 58 59 62 63 65 66 72 79 86 92 93 
 19 42 45 55 58 61 68 74 79 91 
 36 51 53 69 71 96 95 
 32 36 51 53 68 69 71 
 9 26 29 40 43 
 3 47 49 62 76 
 33 59 65 67 88 
 3 31 86 61 78 
 3 76 83 84 86 91 93 
 54 65 66 73 79 82 87 89 
 30 66 77 80 84 85 
 16 37 48 57 63 76 77 
 15 46 67 79 82 89 
 6 10 13 24 45 56 70 
 3 4 8 12 13 24 29 32 34 38 41 48 49 70 72 73 75 76 77 78 80 83 84 87 89 90 91 92 93 97 
 4 24 73 75 
 4 17 46 54 59 65 66 73 79 87 88 89 96 95 
 45 58 59 68 
 39 44 46 54 72 78 80 84 86 91 92 
 2 14 21 28 37 50 52 57 59 60 66 75 81 
 1 2 15 25 27 28 39 44 46 50 52 54 57 61 62 63 67 72 74 76 78 80 83 84 85 86 90 91 92 97 99 100 
 35 47 94 98 96 
 61 63 80 72 84 92 
 1 2 15 17 25 27 28 44 46 50 52 54 59 62 63 66 67 72 73 78 79 80 82 84 86 87 88 89 92 95 96 99 100 
 5 18 89 54 76 83 
 10 23 33 65 66 79 83 87 88 82 89 
 55 64 74 82 85 94 95 96 98 
 7 11 14 16 58 61 64 74 81 85 86 90 93 
 46 52 57 67 78 
 11 20 36 37 38 57 69 71 77 83 84 86 93 94 85 
 3 20 22 31 37 51 53 55 64 69 71 74 76 83 84 85 92 98 96 