 159 239 257 325 
 117 215 318 353 
 108 372 374 378 
 77 80 293 295 
 24 78 366 328 
 79 165 260 265 
 34 135 232 390 382 389 
 149 216 267 312 315 327 278 331 
 5 9 27 30 37 45 50 54 58 65 69 74 76 77 80 81 90 97 99 103 133 162 
 1 4 6 21 22 24 28 35 38 42 43 44 68 78 88 93 94 95 105 108 113 145 
 11 33 61 72 86 87 96 102 115 118 119 136 164 167 170 171 178 181 193 194 197 198 203 220 
 10 16 19 36 41 46 55 57 63 67 70 79 101 128 130 141 142 154 156 163 165 185 195 
 15 18 59 71 73 91 112 126 129 138 151 153 157 161 169 172 176 177 179 183 188 211 218 219 
 2 8 32 62 92 121 122 127 139 140 152 214 216 243 245 248 261 267 281 289 290 298 300 303 308 312 327 
 14 26 39 40 53 66 89 125 144 148 175 184 186 189 191 192 206 207 224 226 228 247 269 270 284 309 
 20 56 116 124 143 146 155 158 182 204 210 227 230 235 238 239 240 259 279 280 285 287 288 291 306 314 316 
 25 31 34 64 82 83 98 114 117 134 135 202 225 232 233 234 242 249 256 258 264 272 273 292 299 304 310 
 7 12 13 29 47 48 52 75 104 107 110 111 132 160 166 173 174 180 190 201 208 217 231 271 275 
 51 100 131 149 209 212 221 222 236 266 274 278 293 294 295 296 297 315 317 319 324 330 331 332 334 343 356 364 
 3 49 84 106 109 168 196 205 215 241 252 255 262 263 283 311 318 320 328 329 336 338 339 340 341 353 354 366 
 23 85 123 137 150 187 199 200 237 244 250 251 260 265 301 302 307 313 323 326 333 335 342 344 345 349 367 373 
 17 60 120 147 159 213 223 229 246 253 254 257 268 276 277 282 286 305 321 322 325 337 348 350 358 359 360 370 
 161 254 354 370 
 220 286 375 398 
 110 173 196 229 
 144 263 265 326 
 129 267 331 367 
 238 267 331 367 
 17 55 148 276 
 246 346 347 351 352 355 357 361 362 363 365 368 369 371 372 374 375 376 377 378 379 380 381 382 383 384 385 386 387 388 389 390 391 392 393 394 395 396 397 398 399 400 
 32 73 246 245 
 120 283 341 347 348 
 230 247 314 350 355 383 
 35 211 305 332 
 130 236 349 379 
 226 306 316 317 398 
 192 297 346 360 361 
 54 82 242 249 335 
 80 209 195 358 
 140 228 268 287 
 202 254 266 291 392 
 158 250 266 368 
 305 320 323 372 373 374 
 121 212 284 311 352 365 
 15 76 233 346 379 
 92 230 259 288 303 327 393 362 388 
 134 181 368 392 393 
 71 184 239 287 333 
 5 79 165 256 298 
 84 255 325 345 360 358 348 
 157 186 234 273 304 377 
 85 250 251 301 302 323 372 373 381 384 365 371 398 399 374 397 377 
 111 314 332 383 
 184 200 240 304 
 18 140 212 381 
 2 5 170 188 283 
 36 187 195 370 378 391 
 39 183 185 313 321 
 172 179 183 211 360 348 321 361 
 217 259 268 393 
 46 63 397 125 398 
 38 73 107 113 175 194 177 322 
 106 162 311 352 368 283 312 
 43 227 256 303 
 185 208 229 240 389 
 98 114 166 361 393 377 
 146 180 199 245 
 23 119 177 294 
 14 53 154 174 291 305 332 380 330 357 362 
 152 265 306 326 328 314 366 375 
 121 281 348 376 
 64 138 142 347 
 96 224 282 354 378 387 
 102 171 204 232 258 295 
 41 115 333 340 
 176 204 384 399 
 127 184 194 234 198 268 
 58 136 264 270 271 293 
 81 104 345 252 325 
 1 6 300 363 379 227 
 69 207 274 246 
 9 124 368 392 
 128 134 221 377 
 75 81 112 209 275 
 85 116 216 381 285 337 
 116 159 258 289 312 315 291 
 27 50 64 164 170 309 228 
 172 175 213 214 243 285 
 65 149 177 257 198 
 69 90 207 346 93 
 20 109 112 123 137 146 165 199 200 219 336 395 400 352 392 344 
 167 290 297 294 
 13 220 231 203 369 358 385 
 60 107 227 280 399 146 302 384 
 28 101 368 392 
 48 75 190 225 299 371 376 386 251 365 
 8 51 60 248 253 321 290 
 86 198 210 290 248 
 49 235 319 330 357 376 362 
 84 138 141 329 336 354 390 382 366 378 387 389 369 
 44 155 182 270 187 
 49 88 268 263 390 
 34 68 124 152 208 215 274 342 335 345 
 84 140 215 261 294 300 319 339 363 364 311 352 372 382 
 252 271 275 279 316 335 343 388 356 339 
 53 160 179 180 212 368 376 
 151 169 193 218 276 351 388 220 400 
 65 99 101 201 333 340 373 
 58 96 136 178 182 264 270 271 83 400 374 
 10 39 303 393 
 168 191 238 306 366 391 397 346 386 
 200 249 256 262 263 338 341 347 377 
 102 122 166 171 238 253 353 199 318 
 91 163 390 279 388 
 22 231 77 260 
 31 138 222 278 292 
 16 44 93 101 33 330 357 
 125 206 320 372 351 373 374 
 24 119 288 383 
 59 143 254 324 312 315 
 6 27 44 201 237 265 296 341 346 349 279 332 379 311 364 
 66 302 324 345 
 22 150 194 260 302 338 
 132 160 203 266 267 293 325 392 354 374 367 
 74 205 214 262 376 385 217 327 
 65 114 175 178 182 
 188 195 223 326 366 237 
 26 40 170 223 247 334 363 364 383 355 
 61 72 86 115 193 194 197 203 351 395 399 384 394 302 376 396 
 53 100 291 305 332 
 47 67 131 139 173 240 396 164 394 
 52 62 160 236 308 360 361 378 351 365 
 33 78 156 278 297 337 381 390 301 362 372 
 242 286 299 335 316 388 
 87 124 222 391 397 
 17 196 208 229 244 277 329 354 371 370 
 100 221 223 254 282 286 317 324 334 343 370 375 398 355 378 386 388 377 
 133 268 280 287 318 
 12 99 114 150 193 269 331 186 367 295 373 
 17 30 32 45 56 92 246 347 131 356 332 
 37 205 219 241 394 353 
 19 55 126 183 355 383 
 51 56 95 136 145 275 127 245 
 13 293 313 321 318 335 
 29 47 90 213 273 
 121 168 189 214 269 272 307 369 385 
 21 30 37 61 269 
 7 43 124 244 342 
 8 25 157 301 308 364 397 
 2 64 191 199 241 243 245 283 310 298 
 147 189 350 358 385 369 379 394 396 374 
 109 153 182 292 222 
 4 15 105 164 215 261 284 311 352 340 359 396 120 337 
 57 135 145 172 285 325 344 345 