 3 31 40 
 38 69 73 74 
 58 61 69 73 74 
 39 53 65 
 37 44 46 
 26 58 69 72 74 
 28 41 60 
 15 47 57 60 
 30 48 58 69 
 18 34 68 
 24 45 49 
 7 22 32 33 71 
 37 46 75 70 
 43 64 70 75 
 45 47 57 75 
 52 57 62 70 75 
 4 40 49 72 
 62 63 70 75 
 42 60 67 75 
 25 26 30 32 48 58 74 
 10 35 54 55 
 34 64 67 68 
 26 30 48 58 69 73 74 
 22 33 67 68 
 64 65 70 75 
 8 15 62 64 
 45 57 70 75 
 23 53 56 61 
 4 29 36 40 49 69 
 16 52 71 75 
 42 59 67 68 
 9 38 53 63 64 65 
 2 39 41 53 65 66 
 47 51 52 64 65 75 
 42 44 71 
 1 43 55 59 
 37 46 50 56 61 66 71 
 20 50 70 75 
 34 51 53 54 64 65 67 74 
 45 50 56 57 70 71 75 
 2 60 64 65 67 
 27 39 62 73 
 7 13 20 22 25 32 33 50 71 72 
 9 14 29 73 74 
 28 31 36 40 